name: 'jack_of_all_trades'
params:
  rel_mean: [ -3.220816324756015e-06, 2.2988066120888107e-05, 1.509633057139581e-05, 6.674266478512436e-05 ]
  rel_std: [ 0.027728525921702385, 0.03423177823424339, 0.018333032727241516, 0.024016927927732468 ]
  diff_mean: [ -1.3855745919499896e-06, -3.564579628800857e-06, 3.727727971636341e-06, 6.597731044166721e-06 ]
  diff_std: [ 0.015214980579912663, 0.017288727685809135, 0.009293654002249241, 0.011890377849340439 ]