name: 'jack_of_all_trades'
params:
  rel_mean: [ -0.00014015409396961331, -0.0008836002089083195, 0.0007212930941022933, 0.0036291475407779217 ]
  rel_std: [ 0.02982364036142826, 0.018166106194257736, 0.008884329348802567, 0.027163006365299225 ]
  diff_mean: [ -1.3646608749695588e-05, -7.085079414537176e-05, 5.790557406726293e-05, 0.0002867160364985466 ]
  diff_std: [ 0.002531840233132243, 0.002270417520776391, 0.0015571372350677848, 0.0026283839251846075]