name: 'jack_of_all_trades'
params:
  rel_mean: [ 0.0007549171568825841, -0.0022196003701537848, 4.526039629126899e-05, -1.6136842759806314e-06 ]
  rel_std: [ 0.004732940811663866, 0.005679089576005936, 0.0015752932522445917, 0.0030993821565061808 ]
  diff_mean: [ 0.00017640840087551624, -0.0005187939386814833, 1.206293745781295e-05, 1.3928008684160886e-06 ]
  diff_std: [ 0.001025039586238563, 0.0012134865391999483, 0.0005178151186555624, 0.0007754131802357733 ]